15 42 1 15 16
1 2 950
1 3 1100
1 5 1700
1 7 1900
1 9 2100
2 1 950
2 3 400
2 10 1800
2 12 2400
3 1 1100
3 2 400
3 4 600
3 5 1400
4 3 600
4 5 1200
4 6 1500
5 1 1700
5 3 1400
5 4 1200
5 6 1100
6 4 1500
6 5 1100
6 7 1900
7 1 1900
7 6 1900
8 9 3800
9 1 2100
9 8 3800
9 10 2000
9 15 3000
10 2 1800
10 9 2000
10 15 1100
11 13 3900
12 2 2400
12 13 1400
13 11 3900
13 12 1400
13 14 1800
14 13 1800
15 9 3000
15 10 1100